Mean of MU
[[ 0.41654302, 0.51631718, 0.66793931],
 [ 2.1566499 , 1.8708594 , 1.58696712],
 [ 4.00216157, 4.00132001, 3.98358358]]
std of MU
[[ 0.57895323, 0.73103434, 1.02249066],
 [ 0.5930367 , 0.43932124, 0.7191466 ],
 [ 0.1355085 , 0.0413634 , 0.13872076]]
Mean of lambda.T.dot(lambda)
[[[  7.06175503e-01,  1.78098927e-01, -2.84265360e-01],
  [  1.78098927e-01,  3.26034964e-01,  4.42809958e-01],
  [ -2.84265360e-01,  4.42809958e-01,  1.11120041e+00]],

 [[  8.83389875e-01,  2.28218019e-01, -4.90100304e-01],
  [  2.28218019e-01,  2.24910957e-01,  1.86073425e-01],
  [ -4.90100304e-01,  1.86073425e-01,  9.10392334e-01]],

 [[  8.75868624e-01, -9.21275772e-04, -9.06012028e-01],
  [ -9.21275772e-04,  2.24648915e-03,  9.65241813e-04],
  [ -9.06012028e-01,  9.65241813e-04,  9.45552616e-01]]]
std of lambda.T.dot(lambda)
[[[ 0.46315331, 0.41462545, 0.79667847],
  [ 0.41462545, 0.50522354, 0.69802358],
  [ 0.79667847, 0.69802358, 1.02530909]],

 [[ 0.65914076, 0.48163946, 0.68197808],
  [ 0.48163946, 0.39552992, 0.38563177],
  [ 0.68197808, 0.38563177, 0.45955027]],

 [[ 0.18714494, 0.04187354, 0.17429178],
  [ 0.04187354, 0.00594737, 0.04355964],
  [ 0.17429178, 0.04355964, 0.19960784]]]
Mean of Phi
[ 0.16028147, 0.10037901, 0.11332698]
std of Phi
[ 0.09917665, 0.01845276, 0.11142217]
Mean of Diff of Pi
[ 0.04755493, 0.04275811, 0.00561214]
